171373
171374
171375
171376
171377
171378
171379
171380
171381
171382
171383
171384
171385
187793
187813
187814
187816
187862
187863
187867
187868
187869
187870
187871
187872
187873
187874
187875
187876
187877
187878
187879
187881
187890
187891
187903
187916
187917
187921
187922
187924
187925
187926
187927
187928
187929
187930
187931
187932
187933
187934
187935
187936
187937
187938
187939
187940
187941
187942
187943
187944
187945
187946
187947
187948
187949
187950
187951
187952
187953
187954
187955
187956
187957
187958
187959
187960
187961
187962
187963
187964
187965
187966
187967
187968
187969
187970
187971
187972
187973
187974
187975
187976
187977
187978
187979
187982
187983
187984
187985
187986
187987
187988
187990
187991
187992
187993
187994
187995
187997
187998
187999
188000
188003
188004
188005
188006
188007
188008
188009
188010
188011
188012
188013
188014
188015
188016
188017
188018
188019
188020
188021
188022
188023
188024
188025
188026
188027
188028
188029
188030
188031
188032
188750
192105
227776
229063
2419
2424
2426
2432
2435
2443
2449
2452
2456
2458
2462
2467
2501
2505
2509
2534
2552
2553
2558
2560
2565
2574
